0504
0502
0503
0501
0181
5691
4612
4611
5591
5751
0171
5881
4291
4451
1512
3901
1511
4101
5501
5621
3311
0051
8102
8103
8101
8104
3111
1611
1612
4351
2544
3791
5211
4201
2101
3011
3401
0281
8612
8611
8741
8742
8743
4531
8891
5801
3221
3701
2311
4121
4122
4431
a001
a002
8685
8684
8681
8683
5241
0801
5721
5643
5641
4331
1881
1402
8607
3811
1401
3813
1403
3815
3814
3817
3816
3818
5231
0601
5891
8722
8721
8603
5791
8631
8632
5861
8635
8636
0030
0031
0131
8871
0301
0302
4381
5521
5661
1302
1301
5981
0391
4481
4132
2531
2533
2532
0041
8926
4312
4311
1711
1712
1011
4241
5311
2545
8701
0401
8911
8651
5841
4801
1901
2211
2212
0911
8851
0011
0012
0712
0711
3812
0241
4361
5681
8791
5761
4001
2511
0081
0080
0161
5991
8927
3911
1211
8671
8672
1212
5514
5515
5512
5513
5511
8933
8932
8931
8937
8936
8935
8934
3761
1601
0341
2213
5201
4212
4211
3002
4341
5561
0514
5741
0511
0092
0513
0512
0191
4601
0291
5581
9202
9201
4281
8940
3711
1501
1502
4111
4441
4112
5831
8692
8691
9101
0811
0812
5731
5921
5631
4321
3781
3802
3803
3801
3804
2541
2542
2543
3411
5221
2546
0611
5815
4141
8601
5812
5811
8602
8881
0042
4131
0121
5814
4421
3202
1311
1312
5251
8641
5813
5651
3241
8643
2522
2523
1891
2521
2524
0381
4301
2312
1414
1413
1412
1001
8731
0411
5871
4811
3211
8625
8624
8623
8622
8621
4151
1911
0901
3821
4391
0701
4011
3751
0312
0311
5671
8011
8682
9102
8781
2111
5771
3101
4271
4671
1701
1871
2501
0091
5781
5301
0151
4511
9301
1201
8712
8711
8841
5601
8924
8925
5851
8642
8921
8922
8923
2201
4501
3771
0002
0001
4371
5571
9942
4491
5611
